local Venyx = loadstring(game:HttpGet("https://raw.githubusercontent.com/Stefanuk12/Venyx-UI-Library/main/source2.lua"))()
local UI = Venyx.new({ title = "KuyFimpHub"})

local Themes = {
    Background = Color3.fromRGB(24, 24, 24),
    Glow = Color3.fromRGB(0, 0, 0),
    Accent = Color3.fromRGB(10, 10, 10),
    LightContrast = Color3.fromRGB(20, 20, 20),
    DarkContrast = Color3.fromRGB(14, 14, 14),  
    TextColor = Color3.fromRGB(255, 255, 255)
}
local Main = UI:addPage({ title = "Main",icon = 5012544693 })

local AutoFarmSection = Main:addSection({title = "AutoFarm" })

local mobs = {}

for _,v in pairs(game:GetService("Workspace").NPCS:GetChildren()) do
    insert = true
    for _,v2 in pairs(mobs) do if v2 == v.Name then insert = false end end
    if insert then table.insert(mobs, v.Name) end
end



getgenv().selectmob = nil

AutoFarmSection:addDropdown({
    title = "Select Mob",
    list = mobs,
    callback = function(v)
        getgenv().selectmob = v
    end
})

AutoFarmSection:addToggle({
    title = "Start Auto Farm",
    callback = function(v)
        getgenv().autofarm = v
        while wait() do
        if getgenv().autofarm == false then return end
        while wait() do
        mob = game:GetService("Workspace").NPCS:FindFirstChild(getgenv().selectmob)
        if mob:FindFirstChild("Humanoid") then
            if mob.Humanoid.Health == 0 then wait(0.1) mob:Destroy() break; end
        end
        if mob:FindFirstChild("HumanoidRootPart") then
            game.Players.LocalPlayer.Character.HumanoidRootPart.CFrame = mob.HumanoidRootPart.CFrame * CFrame.new(0,0,4)
            game:GetService'VirtualUser':CaptureController()
            game:GetService'VirtualUser':Button1Down(Vector2.new(50, 50))
        end
        end
        wait()
    end
    end
})

local function killaurax()
    local StandReally1,StandReally2 = nil,nil
    if Player.Character:FindFirstChild("Hamon") or Player.Backpack:FindFirstChild("Hamon") then
      StandReally1 = "Hamon"
      StandReally2 =  "Punch"
    elseif Player.Character:FindFirstChild("Hamon Requiem") or Player.Backpack:FindFirstChild("Hamon Requiem") then
      StandReally1 = "HamonRequiem"
      StandReally2 = "PunchRequiem"
    elseif Player.Character:FindFirstChild("Kars Hamon") or Player.Backpack:FindFirstChild("Kars Hamon") then
      StandReally1 = "KarsHamon"
      StandReally2 = "PunchKars"
    elseif Player.Character:FindFirstChild("Ultimate Life Form") or Player.Backpack:FindFirstChild("Ultimate Life Form") then
      StandReally1 = "ulf"
      StandReally2 = "PunchULF"
    elseif Player.Character:FindFirstChild("True Ultimate Life Form") or Player.Backpack:FindFirstChild("True Ultimate Life Form") then
      StandReally1 = "tulf"
      StandReally2 = "PunchTULF"
    end
    for i,v in pairs(game:GetService("Workspace").NPCS:GetChildren()) do
      if v:FindFirstChild"HumanoidRootPart" and (game.PlayersLocalPlayer.Character.HumanoidRootPart.Position - v.HumanoidRootPart.Position).Magnitude < 20 and v.Humanoid.Health > 0 then
        game:GetService("ReplicateStorage").RS.Damage:FireServer(v, 99999, 0, StandReally1, false,"Right" .. StandReally2 , game.Players.LocalPlayer.UserId * 11 - 12716)
        game:GetService("ReplicateStorage").RS.Damage:FireServer(v, 99999, 0, StandReally1 , false,"Left".. StandReally2, game.Players.LocalPlayer.UserId * 11 - 12716)
      end
  end
end

AutoFarmSection:addToggle({
    title = "Killaura",
    callback = function(v)
        killaura = v
    end
})

spawn(function ()
    while wait(.1) do
      if killaura == false then return end
      if killaura == true then
        pcall(function ()
          killaurax()
        end)
      end
      wait(.1)
    end
  end)

local AutoEquiped = Main:addSection({
    title = "AutoEquip"
})

local Weaponlist = {}
local Weapon = nil

for i,v in pairs(game:GetService("Players").LocalPlayer.Backpack:GetChildren()) do
    table.insert(Weaponlist,v.Name)
end


AutoEquiped:addDropdown({
    title = "Select Weapon",
    list = Weaponlist,
    callback = function(currentOption)
    Weapon = currentOption
    end
})

AutoEquiped:addToggle({
    title = "Equip weapon",
    callback = function(a)
        Equipweapon = a
    end
})

spawn(function()
    while wait() do
    if Equipweapon then
    pcall(function()
    game.Players.LocalPlayer.Character.Humanoid:EquipTool(game:GetService("Players").LocalPlayer.Backpack:FindFirstChild(Weapon))
    end)
    end
    end
    end)

local Teleport = UI:addPage({title = "Teleport",icon = 5012544693})

local Players = Teleport:addSection({title = "Players"})

players = {}
 
for i,v in pairs(game:GetService("Players"):GetChildren()) do
   table.insert(players,v.Name)
end

Players:addDropdown({
    title = "Select Player",
    list = players,
    callback = function(abc)
        select = abc
    end
})

Players:addButton({
    title = "Teleport Player",
    callback = function()
        game.Players.LocalPlayer.Character.HumanoidRootPart.CFrame = game.Players[select].Character.HumanoidRootPart.CFrame
    end
})

Players:addButton({
    title = "Refresh",
    callback = function()
        table.clear(players)
            for i,v in pairs(game:GetService("Players"):GetChildren()) do
                table.insert(players,v.Name)
            end
    end
})

local Maps = Teleport:addSection({title = "Maps"})

Maps:addButton({
    title = "Spawn",
    callback = function()
        game.Players.LocalPlayer.Character.HumanoidRootPart.CFrame = CFrame.new(-47.8338165, 4.34570122, 64.9913788, 0.999762058, 6.75999559e-08, -0.0218144935, -6.76990339e-08, 1, -3.803307e-09, 0.0218144935, 5.27922195e-09, 0.999762058)
end})

Maps:addButton({
    title = "Desert",
    callback = function()
        game.Players.LocalPlayer.Character.HumanoidRootPart.CFrame = CFrame.new(-146.240677, 25.2757015, -1289.67273, 0.9997226, -3.48360238e-08, 0.0235569552, 3.26230172e-08, 1, 9.43283425e-08, -0.0235569552, -9.35336075e-08, 0.9997226)
end})

Maps:addButton({
    title = "Forest",
    callback = function()
        game.Players.LocalPlayer.Character.HumanoidRootPart.CFrame = CFrame.new(579.037964, 7.296875, 44.7396278, 0.999925435, 2.81164478e-08, -0.0122132795, -2.83730177e-08, 1, -2.08341984e-08, 0.0122132795, 2.11791722e-08, 0.999925435)
end})

Maps:addButton({
    title = "Snow island",
    callback = function()
        game.Players.LocalPlayer.Character.HumanoidRootPart.CFrame = CFrame.new(-41.5738602, -48.3037529, 2482.60913, 0.999012768, -7.1315462e-08, -0.0444174297, 7.51288241e-08, 1, 8.41833696e-08, 0.0444174297, -8.74373143e-08, 0.999012768)
end})

Maps:addButton({
    title = "Death island",
    callback = function()
        game.Players.LocalPlayer.Character.HumanoidRootPart.CFrame = CFrame.new(26.0806065, -22.439455, 5630.23193, -0.97010541, -3.51692764e-09, 0.242684036, -9.74318581e-09, 1, -2.44556233e-08, -0.242684036, -2.60890474e-08, -0.97010541)
end})

Maps:addButton({
    title = "Morioh",
    callback = function()
        game.Players.LocalPlayer.Character.HumanoidRootPart.CFrame = CFrame.new(127531.648, 416.003479, -178.515579, 0.257582843, 1.07617282e-07, -0.966256201, -3.60860888e-08, 1, 1.01755745e-07, 0.966256201, 8.65787264e-09, 0.257582843)
end})

Maps:addButton({
    title = "Wamuu",
    callback = function()
        game.Players.LocalPlayer.Character.HumanoidRootPart.CFrame = game:GetService("Workspace").FolderOfFolders.Wamuu.Wamuu.HumanoidRootPart.CFrame
end})

Maps:addButton({
    title = "Hamon Requiem",
    callback = function()
        game.Players.LocalPlayer.Character.HumanoidRootPart.CFrame = CFrame.new(304.343719, 7.296875, -178.338974, -0.767717719, 2.35419026e-08, 0.640788198, 6.43673985e-08, 1, 4.03785343e-08, -0.640788198, 7.22451858e-08, -0.767717719)
end})

Maps:addButton({
    title = "Vampire to Hamon",
    callback = function()
        game.Players.LocalPlayer.Character.HumanoidRootPart.CFrame = CFrame.new(3.80350971, 25.2757015, -2405.91577, -0.014737512, 2.10109175e-09, -0.9998914, -4.00745126e-09, 1, 2.16038609e-09, 0.9998914, 4.03885458e-09, -0.014737512)
end})

local MISC = UI:addPage({
    title = "MISC",
    icon = 5012544693
})

local TeleportSection = MISC:addSection({
    title = "Teleport"
})

TeleportSection:addToggle({
    title = "Start TP chests",
    callback = function(v)
        getgenv().tpchest = v
            if getgenv().tpchest == false then return end
            if getgenv().tpchest == true then
                game.Players.LocalPlayer.Character.HumanoidRootPart.CFrame = CFrame.new(-169.179108, 4.40559006, 151.861404, 0.138132066, 1.54323256e-08, -0.990413845, 7.27835783e-08, 1, 2.5732751e-08, 0.990413845, -7.56403864e-08, 0.138132066)
                wait(3)
                if getgenv().tpchest == false then return end
                game.Players.LocalPlayer.Character.HumanoidRootPart.CFrame = CFrame.new(-459.071533, 4.18559074, 284.48587, 0.0314121135, 9.75801413e-08, -0.999506533, 2.43743639e-08, 1, 9.83943522e-08, 0.999506533, -2.745311e-08, 0.0314121135)
                wait(3)
                if getgenv().tpchest == false then return end
                game.Players.LocalPlayer.Character.HumanoidRootPart.CFrame = CFrame.new(1.95386565, 4.18559074, -364.071777, 0.299046963, 1.52549564e-08, -0.954238415, -1.03758522e-08, 1, 1.27348567e-08, 0.954238415, 6.092717e-09, 0.299046963)
                wait(3)
                if getgenv().tpchest == false then return end
                game.Players.LocalPlayer.Character.HumanoidRootPart.CFrame = CFrame.new(40.0933762, 42.2199097, -1014.56927, -0.518937349, -8.5352001e-09, 0.854812264, -7.44914841e-09, 1, 5.4626712e-09, -0.854812264, -3.53283935e-09, -0.518937349)
                wait(3)
                if getgenv().tpchest == false then return end
                game.Players.LocalPlayer.Character.HumanoidRootPart.CFrame = CFrame.new(-170.53299, 26.9862919, -1988.45776, -0.961592793, 2.84741297e-08, -0.274480045, 1.83332265e-08, 1, 3.95111854e-08, 0.274480045, 3.29615659e-08, -0.961592793)
                wait(3)
                if getgenv().tpchest == false then return end
                game.Players.LocalPlayer.Character.HumanoidRootPart.CFrame = CFrame.new(99.4243088, -41.7210083, 2809.48364, 0.141629875, 1.4792958e-08, -0.989919662, 6.04555339e-08, 1, 2.35930937e-08, 0.989919662, -6.31876063e-08, 0.141629875)
                wait(3)
                if getgenv().tpchest == false then return end
                game.Players.LocalPlayer.Character.HumanoidRootPart.CFrame = CFrame.new(341.303925, 7.29288197, -174.604202, 0.983103216, -3.82337149e-08, 0.183052197, 2.84120212e-08, 1, 5.62777558e-08, -0.183052197, -5.01259585e-08, 0.983103216)
                wait(3)
                if getgenv().tpchest == false then return end
                game.Players.LocalPlayer.Character.HumanoidRootPart.CFrame = CFrame.new(818.646423, 7.30440521, 123.450996, -0.890243649, -2.18109122e-08, 0.455484658, -3.66665281e-10, 1, 4.71684167e-08, -0.455484658, 4.18243751e-08, -0.890243649)
                wait(3)
                if getgenv().tpchest == false then return end
                game.Players.LocalPlayer.Character.HumanoidRootPart.CFrame = CFrame.new(262.306946, -76.604599, 977.751099, 0.0965922177, 5.34591962e-08, -0.995324016, 1.8119648e-09, 1, 5.38861862e-08, 0.995324016, -7.00847869e-09, 0.0965922177)
                wait(3)
                if getgenv().tpchest == false then return end
                game.Players.LocalPlayer.Character.HumanoidRootPart.CFrame = CFrame.new(-53.9999847, 2.74570203, 241.15509, 1, 0, 0, 0, 1, 0, 0, 0, 1)
                wait(3)
                if getgenv().tpchest == false then return end
                game.Players.LocalPlayer.Character.HumanoidRootPart.CFrame = CFrame.new(108.500015, 2.74570203, 22.4050903, 0, 0, 1, 0, 1, -0, -1, 0, 0)
                wait(3)
                if getgenv().tpchest == false then return end
                game.Players.LocalPlayer.Character.HumanoidRootPart.CFrame = CFrame.new(189.75, 2.74570203, 183.40509, -1, 0, 0, 0, 1, 0, 0, 0, -1)
                wait(3)
                if getgenv().tpchest == false then return end
                game.Players.LocalPlayer.Character.HumanoidRootPart.CFrame = CFrame.new(-143.999985, 2.74570084, -195.84491, 0, 0, 1, 0, 1, -0, -1, 0, 0)
                wait(3)
                if getgenv().tpchest == false then return end
                game.Players.LocalPlayer.Character.HumanoidRootPart.CFrame = CFrame.new(-434.5, 2.74570203, -271.84491, 0, 0, 1, 0, 1, -0, -1, 0, 0)
                wait(3)
                if getgenv().tpchest == false then return end
                game.Players.LocalPlayer.Character.HumanoidRootPart.CFrame = CFrame.new(15.0000153, 2.74570203, -285.09491, 0, 0, 1, 0, 1, -0, -1, 0, 0)
                wait(3)
                if getgenv().tpchest == false then return end
                game.Players.LocalPlayer.Character.HumanoidRootPart.CFrame = CFrame.new(291, 2.74570203, -258.84491, 0, 0, 1, 0, 1, -0, -1, 0, 0)
                wait(3)
                if getgenv().tpchest == false then return end
                game.Players.LocalPlayer.Character.HumanoidRootPart.CFrame = CFrame.new(6.00001478, 2.74570203, -361.84491, -0.707134247, 0, 0.707079291, 0, 1, 0, -0.707079291, 0, -0.707134247)
                wait(3)
                if getgenv().tpchest == false then return end
                game.Players.LocalPlayer.Character.HumanoidRootPart.CFrame = CFrame.new(178.000015, -69.254303, 2551.15625, 0.707134247, -0, -0.707079291, 0, 1, -0, 0.707079291, 0, 0.707134247)
                wait(3)
                if getgenv().tpchest == false then return end
                game.Players.LocalPlayer.Character.HumanoidRootPart.CFrame = CFrame.new(-314, -69.254303, 2671.15625, 0.223131359, 0, 0.974788547, 0, 1, 0, -0.974788547, 0, 0.223131359)
            end
    end
})



TeleportSection:addToggle({
    title = "TP arrows",
    callback = function(tpa)
        arrowtp = tpa
    end
})

spawn(function()
while wait(0.1) do
if arrowtp then
pcall(function()
game.Players.LocalPlayer.Character.HumanoidRootPart.CFrame = game:GetService("Workspace").Arrows.Arrow.ArrowPart.CFrame
end)
end
end
end)

TeleportSection:addToggle({
    title = "TP Rebirth arrow",
    callback = function(tpr)
        rebirtharrowtp = tpr
    end
})

spawn(function()
while wait(0.1) do
if rebirtharrowtp then
pcall(function ()
game.Players.LocalPlayer.Character.HumanoidRootPart.CFrame = game:GetService("Workspace").Arrows["Rebirth Arrow"].ArrowPart.CFrame            
end)
end
end
end)

local PlayerSection = MISC:addSection({
    title = "Player"
})

PlayerSection:addSlider({
    title = "Speed",
    default = 0,
    min = 0,
    max = 500,
    callback = function(s)
        game.Players.LocalPlayer.Character.Humanoid.WalkSpeed = s
    end
})

PlayerSection:addSlider({
    title = "Jump Power",
    default = 0,
    min = 0,
    max = 500,
    callback = function(p)
        game.Players.LocalPlayer.Character.Humanoid.JumpPower = p
    end
})

local UIsetting = MISC:addSection({
    title = "UI setup"
})

UIsetting:addKeybind({
    title = "set your key for Hide the UI ",
    key = Enum.KeyCode.One,
    callback = function()
        print("Activated Keybind")
        UI:toggle()
    end,
    changedCallback = function(key)
        print("Changed Keybind", key)
    end
})

for theme, color in pairs(Themes) do
    UIsetting:addColorPicker({
        title = theme,
        default = color,
        callback = function(color3)
            UI:setTheme({
                theme = theme, 
                color3 = color3
            })
        end
    })
end
